
#Module internal relative gains by APV card: 
bb.gem.m0.vgain = 1  1  1  1.14313  1.17098  1.12421  1.11907  1.15921  1.117  1.06464  1.04649  1.13918  1.11236  1.0826  1.11151  1.05853  1.12677  1.09585  1.06345  1.05258  1.08813  1.05302  1.27292  1.05705  1.06994  1.12106  1  1  1  1  
bb.gem.m0.ugain = 1  1  0.954147  1.04138  1.02851  0.875494  0.979432  0.952193  1.01631  0.978532  1.03364  1.00709  0.94799  0.992878  1  0.985409  0.962511  0.949945  0.925842  0.945391  0.946367  0.929197  0.885238  0.964596  1  1  1  1  1  1  
bb.gem.m1.vgain = 1  1  1  1.22641  1.33274  1.25981  1.18102  1.2064  1.13637  1.15336  1.11946  1.03843  1.12191  1.08202  1.03126  1.35176  1.35191  1.24285  1.59439  1.44334  1.336  1.33948  1.19525  1.38029  1.34266  1.14672  1  1  1  1  
bb.gem.m1.ugain = 1  0.922863  1.071  1.12853  1.1367  1.05082  1.06549  1.08401  0.996614  0.988884  0.980281  1.02607  0.943023  0.959716  1  1.23705  1.38776  1.24636  1.31146  1.2336  1.27535  1.08897  1.13974  1.28436  1.30107  1  1  1  1  1  
bb.gem.m2.vgain = 1  1  1.09611  1.16381  1.1786  1.11364  1.08306  1.13146  1.13781  1.19658  1.12582  1.18969  1.1567  1.12035  1.06668  1.04494  1.08971  1.1623  1.10809  1.0412  1.07476  1.10585  1.07041  1.09589  1.03395  1.09283  1.00117  1  1  1  
bb.gem.m2.ugain = 1  0.748286  0.856288  1.0151  0.941651  1.01927  1.02087  0.947568  1.0029  0.951168  1.00621  0.979813  0.956549  0.980644  1  1.0272  0.97531  0.999654  0.945356  0.959254  0.978009  0.941555  0.937672  0.948834  0.90498  1  1  1  1  1  
bb.gem.m3.vgain = 1  1  1.07138  1.18427  1.26701  1.16821  1.53557  1.19248  1.16272  1.07787  1.12426  1.09543  1.15296  1.08407  1.10277  1.11008  1.09203  1.1327  1.07566  1.01591  1.03582  1.01586  2.16162  1.05677  0.984838  1.02654  1.09664  1  1  1  
bb.gem.m3.ugain = 0.727837  0.861831  0.907322  1  1.03385  0.987335  0.976762  0.966442  0.978363  0.990974  0.951341  0.959087  1.01367  0.972935  1  0.978062  0.990778  0.98305  0.916612  0.998141  1.00534  1.03267  0.936671  0.943524  0.939973  1  1  1  1  1  
bb.gem.m4.vgain = 1  1  0.584599  0.584098  0.61869  0.585212  0.566545  0.532227  0.636565  0.594915  0.639663  1  
bb.gem.m4.ugain = 1  1  1  0.939655  0.823824  0.885728  0.914507  0.947807  0.945787  1  
bb.gem.m5.vgain = 1  0.773123  0.822692  0.824228  0.796872  0.716617  0.745403  0.706303  0.698986  0.745537  0.732984  1  
bb.gem.m5.ugain = 1.06623  1.14269  1.10039  1.14683  1.13092  1.07542  0.928603  1.08831  1  0.958209  
bb.gem.m6.vgain = 1  0.937507  0.895284  0.920162  0.971822  0.919853  0.938544  0.903647  0.952935  0.991149  0.990216  1.34742  
bb.gem.m6.ugain = 0.922709  1  1.00357  0.934312  0.918509  0.918962  0.916711  0.855853  0.826452  0.76347  
bb.gem.m7.vgain = 1  1  0.757631  0.71275  0.644354  0.711513  0.709412  0.717715  0.697037  0.690324  0.740696  1  
bb.gem.m7.ugain = 0.990434  1.05117  1  0.958597  0.963087  0.886878  0.925993  0.916111  0.850165  0.888852  

# Module average gains relative to target ADC peak position of 4000
bb.gem.m0.modulegain = 0.966966
bb.gem.m1.modulegain = 0.848399
bb.gem.m2.modulegain = 0.95744
bb.gem.m3.modulegain = 0.944156
bb.gem.m4.modulegain = 1.29766
bb.gem.m5.modulegain = 1.11364
bb.gem.m6.modulegain = 1.06825
bb.gem.m7.modulegain = 1.18848

