
#Module internal relative gains by APV card: 
bb.gem.m0.vgain = 1  1  1  1.13942  1.13004  1.08163  1.07232  1.13856  1.08695  1.04166  1.01546  1.10154  1.09757  1.05632  1.0919  1.04829  1.126  1.08013  1.04655  1.03638  1.07189  1.02554  1.26212  1.02279  0.988099  1.01795  1  1  1  1  
bb.gem.m0.ugain = 1  1  0.928099  1.02255  1.00056  0.865123  0.97015  0.950398  0.982872  0.970682  1.02711  0.985795  0.950306  0.992071  1  0.989273  0.972028  0.966392  0.930437  0.947477  0.941016  0.918945  0.877746  0.941179  1  1  1  1  1  1  
bb.gem.m1.vgain = 1  1  1  1.1934  1.22853  1.20993  1.14523  1.16389  1.11475  1.13883  1.10317  1.03128  1.10525  1.06616  1.01819  1.32712  1.33214  1.22174  1.5528  1.41072  1.28748  1.28865  1.11011  1.23886  1.25369  1.07567  1  1  1  1  
bb.gem.m1.ugain = 1  0.944292  1.04924  1.11146  1.18875  1.06167  1.05194  1.0898  1.07199  0.990337  0.999199  1.03646  0.96938  0.988537  1  1.2436  1.39472  1.26215  1.40284  1.23865  1.27434  1.09006  1.16569  1.26492  1.18993  1  1  1  1  1  
bb.gem.m2.vgain = 1  1  1.05457  1.13088  1.15457  1.07516  1.06234  1.11762  1.11117  1.15266  1.09506  1.15659  1.1518  1.10527  1.04976  1.05815  1.01772  1.07418  1.03108  0.962209  0.993954  1.02943  1.00465  1.03047  0.971549  1.01027  0.927994  1  1  1  
bb.gem.m2.ugain = 1  0.740102  0.845147  1.00247  0.930885  1.00082  1.00706  0.950658  1.00145  0.955523  1.00059  1.01643  0.960683  0.979118  1  1.04192  0.976056  1.00617  0.954562  0.969019  1.00378  0.942298  0.957543  0.964216  0.980624  1  1  1  1  1  
bb.gem.m3.vgain = 1  1  1.05512  1.14603  1.20886  1.15102  1.64532  1.16567  1.14392  1.04881  1.09374  1.06838  1.12035  1.05967  1.07164  1.077  1.05761  1.09674  1.03609  0.982849  1.00157  0.975683  1.9984  1.00599  0.934149  0.99645  1.0714  1  1  1  
bb.gem.m3.ugain = 0.696917  0.82533  0.880437  1  1.02302  0.973112  0.960101  0.961725  0.983971  0.983424  0.968833  0.950507  1.02035  0.969103  1  0.976491  0.981575  0.97644  0.917889  0.989774  1.00751  1.11889  0.902588  0.908383  0.899647  1  1  1  1  1  
bb.gem.m4.vgain = 1  1  0.594099  0.590991  0.634385  0.59183  0.581101  0.56816  0.649075  0.597377  0.650374  1  
bb.gem.m4.ugain = 1  1  1  0.891544  0.830665  0.884324  0.911028  0.941085  0.943724  1  
bb.gem.m5.vgain = 1  0.820385  0.821999  0.832096  0.833447  0.734802  0.758718  0.706031  0.706522  0.761169  0.727978  1  
bb.gem.m5.ugain = 1.13797  1.15733  1.13325  1.15998  1.15958  1.08959  0.926446  1.08706  1  0.966058  
bb.gem.m6.vgain = 1  0.940439  0.889155  0.909515  0.965431  0.914456  0.954705  0.903767  0.952724  0.988266  1.00557  1.2765  
bb.gem.m6.ugain = 0.961129  1  0.990129  0.934569  0.914051  0.917682  0.932201  0.855508  0.825374  0.778582  
bb.gem.m7.vgain = 1  1  0.759092  0.725073  0.657799  0.735368  0.707852  0.720127  0.695921  0.68222  0.729748  1  
bb.gem.m7.ugain = 1.01979  1.07288  1  0.970873  0.959149  0.94182  0.9496  0.941003  0.874724  0.91265  

# Module average gains relative to target ADC peak position of 4000
bb.gem.m0.modulegain = 0.977814
bb.gem.m1.modulegain = 0.854156
bb.gem.m2.modulegain = 0.975964
bb.gem.m3.modulegain = 0.960879
bb.gem.m4.modulegain = 1.28803
bb.gem.m5.modulegain = 1.09961
bb.gem.m6.modulegain = 1.06489
bb.gem.m7.modulegain = 1.17624

