
#Module internal relative gains by APV card: 
bb.gem.m0.vgain = 1  1  1  1  1.11036  1.07656  1.08721  1.15526  1.11243  1.06293  1.03306  1.12087  1.11213  1.06951  1.09543  1.06058  1.13744  1.08952  1.05965  1.04452  1.0833  1.03552  1.21687  1.0575  0.998301  1  1  1  1  1  
bb.gem.m0.ugain = 1  1  0.917007  1.02096  0.9847  0.889577  0.993025  0.961228  0.996532  0.972909  1.02656  1.98584  0.951045  0.997696  1  0.987612  0.966623  0.964191  0.935032  0.945287  0.933262  0.921535  0.861858  1.00754  1  1  1  1  1  1  
bb.gem.m1.vgain = 1  1  1  1.18407  1.19208  1.17795  1.15844  1.16731  1.11213  1.14207  1.11567  1.04145  1.11628  1.07129  1.02749  1.33718  1.33912  1.22895  1.56343  1.39764  1.29334  1.28099  1.13858  1.23979  1.27999  1  1  1  1  1  
bb.gem.m1.ugain = 1  1  1.02773  1.08223  1.10556  1.05177  1.06027  1.09019  1.06317  0.996605  0.995149  1.03993  0.968338  0.980948  1  1.25379  1.39838  1.25363  1.3756  1.2365  1.29557  1.10158  1.17651  1.26636  1  1  1  1  1  1  
bb.gem.m2.vgain = 1  1  1  1.1388  1.11622  1.08381  1.06548  1.122  1.05924  1.09999  1.04648  1.09437  1.09096  1.92146  1.60735  1.09805  1.05177  1.10967  1.06734  1.00059  1.0278  1.05615  1.04447  1.04812  1.01535  0.988538  1  1  1  1  
bb.gem.m2.ugain = 1  0.717346  1.5397  0.94995  0.927862  0.994932  1.0111  0.967026  1.01933  0.976596  1.02876  1.01911  0.972277  1.00266  1.02891  1.06203  1  1.03317  0.978496  0.996431  1.02808  0.976525  0.970975  0.998247  1  1  1  1  1  1  
bb.gem.m3.vgain = 1  1  1.13864  1.17187  1.22593  1.16463  1.65346  1.19087  1.16284  1.06819  1.10641  1.09094  1.14293  1.07494  1.09283  1.09409  1.07642  1.11568  1.05965  1.00443  1.0266  1.00375  2.06715  1.03192  0.970964  1  1  1  1  1  
bb.gem.m3.ugain = 1  0.825506  0.903584  1  1.05194  0.9877  0.975611  0.969553  0.990539  1.00354  0.963241  0.952428  1.01927  0.969068  1  0.972309  0.976806  0.980124  0.920434  0.997469  1.02018  1.1123  0.931558  0.95035  1  1  1  1  1  1  
bb.gem.m4.vgain = 1  1  0.613429  0.578174  0.641926  0.609083  0.569078  0.577257  0.603228  0.591487  0.654642  1  
bb.gem.m4.ugain = 1  1  1  1  1  0.88701  0.916497  0.928932  0.93753  1  
bb.gem.m5.vgain = 1  0.822336  0.826906  0.829622  0.824803  0.74157  0.767219  0.713008  0.716228  0.76358  0.729398  1  
bb.gem.m5.ugain = 1.14813  1.16306  1.13565  1.15718  1.17103  1.07899  0.922471  1.07939  1  0.958509  
bb.gem.m6.vgain = 1  1.03201  0.950062  0.978068  1.05088  0.993649  1.0276  0.980415  1.01732  1.0667  1.09134  1.4221  
bb.gem.m6.ugain = 1  1.07103  1.05343  1.00766  0.977466  0.975591  0.982169  0.926459  0.895118  0.842069  
bb.gem.m7.vgain = 1  1  0.741213  0.67646  0.65968  0.702597  0.698492  0.687956  0.67171  0.647462  0.726589  0.752326  
bb.gem.m7.ugain = 1  1.01725  0.966334  0.936992  0.888825  0.90015  0.937455  0.900456  0.887513  1  

# Module average gains relative to target ADC peak position of 4000
bb.gem.m0.modulegain = 0.938334
bb.gem.m1.modulegain = 0.847819
bb.gem.m2.modulegain = 0.926948
bb.gem.m3.modulegain = 0.953376
bb.gem.m4.modulegain = 1.26739
bb.gem.m5.modulegain = 1.1027
bb.gem.m6.modulegain = 0.990139
bb.gem.m7.modulegain = 1.21119

