
#Module internal relative gains by APV card: 
bb.gem.m0.vgain = 1  1  0.857438  0.862174  0.816159  0.830825  0.815396  0.800857  0.830864  0.888959  0.911461  0.821611  0.85346  0.890732  0.862886  0.90395  0.848856  0.871143  0.914638  0.930951  0.894188  0.939506  0.89195  0.908755  0.881878  0.83445  1  1  1  1  
bb.gem.m0.ugain = 1  0.983123  0.973307  0.877158  0.882463  1.02518  0.894498  0.953826  0.905082  0.951642  0.87421  0.93941  1  0.966778  0.93322  0.96555  1.03127  0.971653  1.03784  1.02951  1.0255  1.05376  1.05715  0.966147  0.998171  1  1  1  1  1  
bb.gem.m1.vgain = 1  1  0.74618  0.724207  0.694788  0.699639  0.743927  0.757633  0.801419  0.795519  0.808784  0.891025  0.825841  0.863548  0.927135  0.708616  0.709498  0.777875  0.621245  0.690173  0.754569  0.744832  0.801252  0.70299  0.688673  0.788497  0.692001  1  1  1  
bb.gem.m1.ugain = 1  0.912645  0.838451  0.795992  0.791001  0.848419  0.85395  0.833384  0.841378  0.940222  0.941967  0.931635  1  0.984756  0.970363  0.78281  0.704266  0.77355  0.69293  0.796603  0.770739  0.876619  0.824865  0.742369  0.738579  1  1  1  1  1  
bb.gem.m2.vgain = 1  0.939949  0.896262  0.828956  0.815324  0.866329  0.872083  0.841874  0.898858  0.872415  0.91677  0.878998  0.818374  0.843401  0.900069  0.844831  0.903998  0.842656  0.901853  0.970007  0.930055  0.905183  0.897366  0.877968  0.904789  0.893483  0.990357  1  1  1  
bb.gem.m2.ugain = 1.32482  1.22759  1.08562  0.964877  1.00488  0.938307  0.926208  0.991451  0.946045  1.00092  0.949997  0.929302  1  0.974868  0.951713  0.913325  0.983727  0.949295  1.00752  0.979562  0.955945  0.996996  0.969137  0.945831  0.926024  1  1  1  1  1  
bb.gem.m3.vgain = 1  0.890781  0.848105  0.795323  0.71124  0.802788  0.797007  0.802497  0.843732  0.939664  0.906584  0.931188  0.894808  0.949134  0.943779  0.929444  0.948005  0.929199  0.994773  1.04414  1.02989  1.04499  0.964386  1.00262  1.04032  1.01197  0.938197  1.02961  1  1  
bb.gem.m3.ugain = 1.26783  1.07478  1.03774  0.861045  0.925831  1.00645  1.0275  1.04457  1.02014  1.01892  1.06239  1.07617  1  1.02973  1.01862  1.0532  1.06519  1.06136  1.13906  1.04516  1.02156  1.01316  1.1016  1.08575  1.0779  1  1  1  1  1  
bb.gem.m4.vgain = 1  1.73256  1.73479  1.78334  1.63357  1.71039  1.76647  1.8437  1.58196  1.72564  1.63864  1  
bb.gem.m4.ugain = 1  1  1  1.14616  1.2306  1.18641  1.1181  1.10093  1.10808  1  
bb.gem.m5.vgain = 1  1.18217  1.20377  1.20565  1.19329  1.34278  1.28377  1.39634  1.38354  1.30791  1.35166  1  
bb.gem.m5.ugain = 0.85658  0.833937  0.840472  0.823549  0.821773  0.885147  1.03714  0.886661  0.959248  1  
bb.gem.m6.vgain = 1  1.08159  1.14038  1.13206  1.03037  1.12227  1.08353  1.14153  1.11456  1.05644  1.03849  0.78226  
bb.gem.m6.ugain = 1.19907  1  0.98852  1.08411  1.12176  1.11885  1.10405  1.2038  1.2497  1.30725  
bb.gem.m7.vgain = 1  1.35625  1.3142  1.39875  1.4592  1.40381  1.41228  1.41541  1.43935  1.47129  1.34499  1  
bb.gem.m7.ugain = 1.00117  0.946733  1  1.02056  1.07103  1.06802  1.00747  1.00923  1.08688  1.05655  

# Module average gains relative to target ADC peak position of 4500
bb.gem.m0.modulegain = 1.106
bb.gem.m1.modulegain = 1.43197
bb.gem.m2.modulegain = 1.17181
bb.gem.m3.modulegain = 1.60227
bb.gem.m4.modulegain = 1
bb.gem.m5.modulegain = 0.76421
bb.gem.m6.modulegain = 0.889517
bb.gem.m7.modulegain = 0.870581

