
#Module internal relative gains by APV card: 
bb.gem.m0.vgain = 1  1  0.984604  0.92496  0.882157  0.894502  0.885544  0.857741  0.90222  0.97199  0.990233  0.87965  0.925127  0.965859  0.925049  0.972095  0.914456  0.932997  0.983364  1.00512  0.959045  1.00491  0.933867  0.965373  0.939191  0.931414  1.0092  1  1  1  
bb.gem.m0.ugain = 1  1.06899  1.03908  0.942919  0.931985  1.10461  0.949739  1.02425  0.970191  1.02436  0.92075  1.00653  1.08019  1.04182  1  1.03593  1.11459  1.03797  1.11751  1.10524  1.08863  1.11997  1.12927  1.02247  1.06048  1  1  1  1  1  
bb.gem.m1.vgain = 1  0.832686  0.786709  0.75204  0.715187  0.720297  0.774761  0.793562  0.840316  0.826506  0.832714  0.923223  0.856427  0.895122  0.964436  0.747507  0.744783  0.816443  0.658766  0.733449  0.792108  0.778076  0.82239  0.718819  0.690499  0.788602  0.710834  1  1  1  
bb.gem.m1.ugain = 1  0.939083  0.868558  0.823929  0.814643  0.885621  0.880318  0.853534  0.849483  0.96901  0.976005  0.968999  1.04291  1.02304  1  0.817968  0.735175  0.805208  0.6975  0.825603  0.801991  0.903381  0.840636  0.765825  0.75548  0.785083  1  1  1  1  
bb.gem.m2.vgain = 1  0.961367  0.910536  0.863398  0.853191  0.907194  0.922115  0.887038  0.961728  0.931392  0.976054  0.933947  0.868751  0.892675  0.952967  0.888077  0.957233  0.88174  0.939899  1.02385  0.979234  0.944956  0.940763  0.905919  0.944046  0.914416  0.989423  0.972092  1  1  
bb.gem.m2.ugain = 1.3618  1.27453  1.13492  1.00846  1.06453  0.989762  0.97977  1.05773  0.996762  1.06073  1.0064  0.968041  1.06122  1.03459  1  0.953516  1.03167  0.989329  1.05256  1.0244  0.990032  1.04452  1.00214  0.975152  0.965178  0.970349  1  1  1  1  
bb.gem.m3.vgain = 1  0.888587  0.813144  0.779861  0.69345  0.785447  0.762727  0.774199  0.825293  0.931134  0.893957  0.921286  0.886506  0.943436  0.940594  0.921646  0.938471  0.920819  0.997306  1.04315  1.03143  1.04094  0.95562  0.962741  1.02049  0.988646  0.921096  1.00941  1  1  
bb.gem.m3.ugain = 1.25206  1.06565  1.0201  0.819932  0.898709  0.985667  1.01167  1.03255  1.00086  0.99926  1.04827  1.06614  0.981761  1.01292  1  1.03792  1.05899  1.04888  1.12981  1.02925  1.00084  0.997639  1.06974  1.05811  1.0537  1.05474  1  1  1  1  
bb.gem.m4.vgain = 1  1.54806  1.58535  1.60191  1.48821  1.5682  1.5891  1.63921  1.42468  1.55672  1.45316  1.48553  
bb.gem.m4.ugain = 1  1  1  1.01751  1.11242  1.05661  1.00122  1  1.01106  0.921153  
bb.gem.m5.vgain = 1  1.22669  1.24623  1.24918  1.23462  1.38877  1.33108  1.45296  1.43456  1.3499  1.39524  1  
bb.gem.m5.ugain = 0.879644  0.866189  0.874784  0.859285  0.845043  0.922087  1.0798  0.919124  1  1.04148  
bb.gem.m6.vgain = 1  1.09221  1.15898  1.14797  1.07043  1.12081  1.088  1.15977  1.11873  1.06135  1.04064  0.757132  
bb.gem.m6.ugain = 1.2109  1  0.996874  1.09889  1.13374  1.13716  1.1165  1.21568  1.26671  1.32259  
bb.gem.m7.vgain = 1  1.26651  1.31489  1.36113  1.47403  1.38849  1.4067  1.40388  1.433  1.46022  1.32901  1.12551  
bb.gem.m7.ugain = 1.00484  0.936413  1  1.02672  1.06654  1.06731  1.02037  0.996528  1.08854  1.05239  

# Module average gains relative to target ADC peak position of 4500
bb.gem.m0.modulegain = 0.966514
bb.gem.m1.modulegain = 1.25182
bb.gem.m2.modulegain = 1.03037
bb.gem.m3.modulegain = 1.45313
bb.gem.m4.modulegain = 1.1602
bb.gem.m5.modulegain = 0.744501
bb.gem.m6.modulegain = 0.886933
bb.gem.m7.modulegain = 0.870165

