
#Module internal relative gains by APV card: 
bb.gem.m0.vgain = 1  1  0.903645  0.85555  0.820467  0.831605  0.823913  0.802756  0.835344  0.896004  0.91707  0.82436  0.858603  0.892502  0.864846  0.908435  0.848994  0.873529  0.918308  0.932384  0.894952  0.940381  0.898505  0.90583  0.884375  0.875345  0.934965  1  1  1  
bb.gem.m0.ugain = 1  1.00549  0.973666  0.88481  0.884008  1.02906  0.898928  0.960036  0.908381  0.955517  0.87621  0.942721  1  0.969505  0.936704  0.969134  1.03385  0.975976  1.03874  1.02912  1.02596  1.05115  1.0652  0.975256  0.991219  1  1  1  1  1  
bb.gem.m1.vgain = 1  1  0.766571  0.724936  0.697204  0.703625  0.746988  0.761471  0.801425  0.793591  0.807012  0.888961  0.822847  0.861047  0.921963  0.707834  0.706025  0.773794  0.618337  0.688466  0.74935  0.737895  0.788942  0.691746  0.674029  0.771299  0.682525  1  1  1  
bb.gem.m1.ugain = 1  0.919849  0.844052  0.802573  0.795513  0.849473  0.853678  0.831361  0.836471  0.934822  0.939911  0.930409  1  0.98306  0.965449  0.780299  0.70075  0.769737  0.687491  0.79054  0.76291  0.866285  0.812177  0.734441  0.728504  1  1  1  1  1  
bb.gem.m2.vgain = 1  0.909724  0.88248  0.827294  0.813043  0.862419  0.872737  0.840602  0.898229  0.874176  0.917756  0.877834  0.819025  0.843591  0.901205  0.84518  0.907492  0.843731  0.90186  0.973107  0.932209  0.90525  0.901103  0.885499  0.91405  0.890514  0.968824  0.949554  1  1  
bb.gem.m2.ugain = 1.32082  1.2228  1.0823  0.96204  1.00173  0.938747  0.927888  0.994362  0.945774  0.998573  0.951493  0.929921  1  0.975744  0.951455  0.913607  0.983819  0.947694  1.00801  0.982071  0.950909  0.998094  0.972876  0.951274  0.9385  1  1  1  1  1  
bb.gem.m3.vgain = 1  0.927814  0.84615  0.794813  0.709454  0.803237  0.792201  0.799859  0.843811  0.93776  0.903296  0.92765  0.892557  0.947901  0.943671  0.929732  0.948439  0.929032  0.996235  1.04251  1.02772  1.04431  0.963112  0.998274  1.04476  1.01084  0.920951  1.01025  1  1  
bb.gem.m3.ugain = 1.27892  1.07254  1.03968  0.856082  0.924052  1.00448  1.02311  1.04041  1.01543  1.01424  1.06236  1.07615  1  1.03089  1.01921  1.0543  1.06527  1.05951  1.13759  1.04431  1.01996  1.01129  1.10066  1.08189  1.07674  1.11963  1  1  1  1  
bb.gem.m4.vgain = 1  1.72473  1.73166  1.76832  1.64008  1.72  1.75277  1.8356  1.59405  1.72429  1.62436  1.79055  
bb.gem.m4.ugain = 1  1  1  1.14058  1.24625  1.16934  1.11133  1.09985  1.08491  1  
bb.gem.m5.vgain = 1  1.17623  1.20603  1.20795  1.19911  1.34561  1.2924  1.4035  1.38823  1.31307  1.35632  1  
bb.gem.m5.ugain = 0.854624  0.835536  0.841923  0.82773  0.823367  0.888098  1.03892  0.887961  0.958727  1  
bb.gem.m6.vgain = 1  1.0887  1.15198  1.13802  1.03652  1.12341  1.08667  1.1462  1.1156  1.05951  1.03933  0.781869  
bb.gem.m6.ugain = 1.20109  1  0.994799  1.08815  1.12202  1.12442  1.10717  1.20576  1.25133  1.30698  

# Module average gains relative to target ADC peak position of 4500
bb.gem.m0.modulegain = 1.1031
bb.gem.m1.modulegain = 1.43808
bb.gem.m2.modulegain = 1.17246
bb.gem.m3.modulegain = 1.60464
bb.gem.m4.modulegain = 1.03496
bb.gem.m5.modulegain = 0.761584
bb.gem.m6.modulegain = 0.886916

