
#Module internal relative gains by APV card: 
bb.gem.m0.vgain = 1  1  1  0.815962  0.79761  0.792128  0.780211  0.78215  0.778535  0.83788  0.865627  0.780869  0.823862  0.848887  0.836659  0.877812  0.824792  0.842708  0.889358  0.889539  0.864833  0.889844  0.900049  0.892645  0.86827  0.853985  0.944387  1.00095  1  1  
bb.gem.m0.ugain = 1  1  0.92474  0.850013  0.872467  0.983683  0.870094  0.914106  0.869482  0.926951  0.856412  0.88799  0.959394  0.925861  0.898933  0.939381  1  0.94165  0.982046  0.973812  0.995043  1.00864  1.02895  0.929256  1.06994  1.03656  0.680235  1  1  1  
bb.gem.m1.vgain = 1  1  1  1.07849  1.06161  1.08436  1.0986  1.13943  1.24639  1.14702  1.21425  1.27099  1.19335  1.25546  1.31317  0.99636  0.993848  1.08423  0.864495  0.9526  1.03752  1.05119  1.14367  1.01641  0.980388  1.1103  1.00061  1.11983  1  1  
bb.gem.m1.ugain = 1  1  1.33932  1.20941  1.21979  1.35279  1.3211  1.23478  1.31864  1.41344  1.3943  1.34529  1.4292  1.42664  1.38459  1.11774  1  1.09213  1.03046  1.11705  1.08173  1.26998  1.17885  1.07667  1.11429  1.18908  1.08479  1  1  1  
bb.gem.m2.vgain = 1  1  0.880619  0.760003  0.768502  0.863732  0.868936  0.842126  0.909246  0.876989  0.92347  0.880323  0.825492  0.85209  0.900599  0.861272  0.922577  0.867799  0.928299  0.982484  0.955871  0.921511  0.942749  0.915549  0.957541  0.966317  1.00947  1.04813  1  1  
bb.gem.m2.ugain = 1  1.16185  1.02692  0.98758  1.01697  0.953085  0.947707  1.00502  0.956295  0.992988  0.942499  0.964918  1.00999  0.987211  0.96511  0.934462  1  0.971222  1.0294  1.00962  0.982615  1.03442  0.989473  1.00904  1.06615  0.963609  0.96562  1  1  1  
bb.gem.m3.vgain = 1  1  0.828357  0.860443  0.771785  0.778174  0.761419  0.765041  0.808671  0.870316  0.828876  0.858422  0.830265  0.875016  0.863865  0.871675  0.886912  0.86487  0.917575  0.975645  0.955813  0.965562  0.912791  0.932677  1.02291  0.962101  0.913417  0.98792  1  1  
bb.gem.m3.ugain = 1  1.14204  0.948873  0.815151  0.883095  0.932704  0.954064  0.955461  0.939014  0.936618  0.991091  1.01048  0.946956  0.981022  0.958981  1.00323  1  0.980977  1.06907  0.976642  0.964054  0.999312  1.04079  1.03315  1.04018  1.07079  1  1  1  1  
bb.gem.m4.vgain = 1  1  1.65252  1.71199  1.59359  1.72009  1.75056  1.83161  1.61367  1.7403  1.6501  1  
bb.gem.m4.ugain = 1  1  1.03461  1.07285  1.20755  1.14819  1.07053  1.07175  1.08732  1  
bb.gem.m5.vgain = 1  1.13771  1.17028  1.07727  1.14001  1.26709  1.22685  1.33291  1.3313  1.25207  1.30837  1  
bb.gem.m5.ugain = 0.799165  0.80784  0.828456  0.822116  0.80135  0.85953  1  0.837434  0.920549  0.964585  
bb.gem.m6.vgain = 1  1.08657  1.13812  1.1276  1.02836  1.11069  1.07995  1.14043  1.09547  1.04722  1.01581  1  
bb.gem.m6.ugain = 1.19104  1  1.00091  1.08777  1.099  1.10628  1.10613  1.17888  1.21241  1.33543  
bb.gem.m7.vgain = 1  1  1.36869  1.36298  1.49501  1.38468  1.39873  1.41626  1.45387  1.499  1.34099  1  
bb.gem.m7.ugain = 1.00144  0.933166  1  1.04818  1.10081  1.08147  1.02913  0.991181  1.08489  1  

# Module average gains relative to target ADC peak position of 4000
bb.gem.m0.modulegain = 1.10423
bb.gem.m1.modulegain = 1.28864
bb.gem.m2.modulegain = 1.18777
bb.gem.m3.modulegain = 1.78685
bb.gem.m4.modulegain = 1.15139
bb.gem.m5.modulegain = 0.785969
bb.gem.m6.modulegain = 0.930143
bb.gem.m7.modulegain = 1.06287

