
#Module internal relative gains by APV card: 
bb.gem.m0.vgain = 1  1  1  0.96245  0.938109  0.941177  0.944449  0.960372  0.955112  0.946236  0.949803  0.9726  0.976938  0.973712  0.972098  0.970767  0.977623  0.969761  0.958559  0.954654  0.97173  0.939294  0.977718  0.970728  0.979991  0.994739  1  1  1  1  
bb.gem.m0.ugain = 1  1  0.959585  0.977061  0.977664  0.963699  1.00589  0.971458  1.00252  0.988499  1.02998  0.976042  0.976307  0.987484  1  0.995568  0.970976  0.988138  0.973644  0.959879  0.965356  0.958292  0.983338  1.02737  1.02663  1  1  1  1  1  
bb.gem.m1.vgain = 1.06341  1.01377  1.01443  0.978004  1.01403  0.992992  0.964534  1  
bb.gem.m1.ugain = 1  0.932774  0.962749  0.945684  0.998769  0.965597  0.958238  0.973571  0.975512  1  
bb.gem.m2.vgain = 0.975902  0.951477  0.969419  0.95087  0.970846  0.93109  0.98192  1  
bb.gem.m2.ugain = 0.98821  0.996095  1.01361  1.00282  1.01703  1  1.00071  0.985529  0.996062  0.941708  
bb.gem.m3.vgain = 1.07712  1.04686  1.09246  1.07378  1.07816  1.08402  1.10225  1  
bb.gem.m3.ugain = 1  0.994348  1.00828  1.03253  1.04387  1.01608  1  1  1  1  
bb.gem.m4.vgain = 1  1  1.00366  1.00712  0.997319  0.987194  0.983651  0.995564  0.978683  0.983955  0.983253  0.982285  0.975418  0.987317  0.969194  0.981294  0.985606  0.983422  0.976022  0.964068  0.974158  0.964521  0.971779  0.981592  0.973836  0.97795  0.968258  1  1  1  
bb.gem.m4.ugain = 1  0.987216  0.996726  1  1.0089  1.03233  1.0309  1.009  1.02821  1.00704  1.01616  1.00848  1.02151  1.00012  1  1.02298  0.999572  1.01927  1.01244  1.01799  1.0383  1.00434  1.02368  1.04278  1.02686  1.06151  1  1  1  1  
bb.gem.m5.vgain = 1  0.936509  1  0.937479  1  0.944764  1  1  
bb.gem.m5.ugain = 0.971602  0.989202  0.974758  1.03266  0.976807  1.0119  0.980427  0.991154  0.990239  1  
bb.gem.m6.vgain = 1  0.946627  1  0.955904  1  0.936868  1  1  
bb.gem.m6.ugain = 1  0.994343  1.02253  1.02916  1.05337  1.02269  1.02712  1.03256  1.01256  0.979005  
bb.gem.m7.vgain = 1  1  1  1  1  1  1  1  
bb.gem.m7.ugain = 1  1  1  1  1  1  1  1  1  1  
bb.gem.m8.vgain = 1  1  0.982795  0.985613  0.965335  0.983676  0.974362  0.998833  1.01646  0.981926  1.02395  1  
bb.gem.m8.ugain = 1  1  1  1.01243  1.00503  1.00075  1.03499  0.994651  0.986467  1  
bb.gem.m9.vgain = 1  1.02175  1.02839  1.02636  1.04126  1.01362  1.03367  1.00002  1.00287  1.02128  1.00452  1  
bb.gem.m9.ugain = 1.03718  1.02664  1.02443  1.00877  1.02426  1.01676  1  1.0171  1.00986  1.02393  
bb.gem.m10.vgain = 1  1.0328  1.04591  1.03296  1.01761  1.03026  1.03964  1.02965  1.01745  1.03838  1.03992  1.05475  
bb.gem.m10.ugain = 0.998506  1.0307  1.03715  1.0083  1  1.00824  1.00105  0.99806  0.98588  0.997533  
bb.gem.m11.vgain = 1  1  1.0003  1.01872  0.979655  1.00087  0.990907  0.989331  0.997702  0.989646  1.01234  1  
bb.gem.m11.ugain = 0.999318  1.01292  1  0.99287  0.973313  0.997927  1.0173  1.03752  0.981895  1.01689  

# Module average gains relative to target ADC peak position of 4000
bb.gem.m0.modulegain = 1.2566
bb.gem.m1.modulegain = 1.20614
bb.gem.m2.modulegain = 1.25193
bb.gem.m3.modulegain = 1.21471
bb.gem.m4.modulegain = 1.20092
bb.gem.m5.modulegain = 0.886639
bb.gem.m6.modulegain = 0.88363
