
#Module internal relative gains by APV card: 
bb.gem.m0.vgain = 1  1  1  1  0.866402  1  1  0.910043  0.923732  0.973807  1.01103  0.924368  0.936393  0.972051  0.925448  0.957555  0.885275  0.893641  0.942737  0.924535  0.901177  0.9462  1  0.918968  0.876635  1  1  1  1  1  
bb.gem.m0.ugain = 1  1  1  1.0152  1  1.13919  1.0286  1.06923  1.03022  1.07464  1  1.00518  1.10076  1.0487  0.985986  1.02727  1.05609  0.976435  1.05845  1.0391  1.03579  1.07309  1.09849  1  1  1  1  1  1  1  
bb.gem.m1.vgain = 1  1  1  1  0.857562  1  0.92459  0.89103  
bb.gem.m1.ugain = 1  1  1  1.06665  0.992611  1  1  1  1  1  
bb.gem.m2.vgain = 1  1  1  1  0.836415  1  0.922949  0.889169  
bb.gem.m2.ugain = 1  1  1  1.0413  1.05508  1  1  1  1  1  
bb.gem.m3.vgain = 1  1  1  1  1  0.816849  0.839067  0.837528  
bb.gem.m3.ugain = 1  1  1  1  1.00371  1  1  1  1  1  
bb.gem.m4.vgain = 1  1  1  1  1  1.37928  1.44904  1.46319  1.31666  1.35199  1.31085  1  1  1  1  1  1  1  1  1  1  1  1  1  1  1  1  1  1  1  
bb.gem.m4.ugain = 1  1  1  1  1  0.920275  0.868375  1  0.888189  0.844628  1  1  1  1  1  1  1  1  1  1  1  1  1  1  1  1  1  1  1  1  
bb.gem.m5.vgain = 1  1  1.23107  1.20782  1.14226  1.38854  1.27402  1.41424  
bb.gem.m5.ugain = 1  1  1  1  1  1  1  1  1  1.08097  
bb.gem.m6.vgain = 1  1  1  0.989574  0.986234  1.03181  1.01387  1.01247  
bb.gem.m6.ugain = 1.12277  1  1  1.04487  1  1.02085  1  1  1  1  
bb.gem.m7.vgain = 1  1  1  1  1  1  1  1.30841  
bb.gem.m7.ugain = 1  1  1  1  1  1  1  1  1  1  

# Module average gains relative to target ADC peak position of 4000
bb.gem.m0.modulegain = 0.962455
bb.gem.m1.modulegain = -19.4843
bb.gem.m2.modulegain = -17.2013
bb.gem.m3.modulegain = -36.3108
bb.gem.m4.modulegain = -13.8824
bb.gem.m5.modulegain = -7.6011
bb.gem.m6.modulegain = -9.36067
bb.gem.m7.modulegain = -33.4745

