
#Module internal relative gains by APV card: 
bb.gem.m0.vgain = 1  1  1  1  1  1  1  0.867858  0.845084  0.958258  0.997423  0.911127  0.932525  1.05723  0.956454  0.973851  0.871039  0.834067  0.888116  0.889998  0.855385  1  1  1  1  1  1  1  1  1  
bb.gem.m0.ugain = 1  1  1  1  1  1.14713  0.953131  1.03222  1.0073  1.0713  1.01097  1.09278  1.06608  1.05858  0.972587  1.01004  1  0.924137  1.03348  1  1  1  1  1  1  1  1  1  1  1  
bb.gem.m1.vgain = 1  1  1  1  1  1  0.876248  0.85418  0.981339  0.871019  0.894039  0.950695  0.929215  0.944454  1.00287  0.730674  0.869015  1.10785  0.864131  0.895352  0.996141  1  1  1  1  1  1  1  1  1  
bb.gem.m1.ugain = 1  1  1  1  1  1.05654  0.980253  0.948009  1  1  1.0449  1.02549  1.07383  1.09501  1.17712  1.02828  1  1.08044  1  1.00294  1  1  1  1  1  1  1  1  1  1  
bb.gem.m2.vgain = 1  1  1  1  1  1  0.919232  0.902501  0.957153  0.949372  0.99695  0.944905  0.890264  0.923472  0.945854  0.9189  0.95222  0.853755  0.928286  0.971386  0.978633  1  1  1  1  1  1  1  1  1  
bb.gem.m2.ugain = 1  1  1  1  1.1117  0.983392  1.01327  1.09378  1.05636  1.09434  1.0631  1.04295  1.09388  1.03277  1.04312  0.918839  1  1.02618  1.04784  1  1  1  1  1  1  1  1  1  1  1  
bb.gem.m3.vgain = 1  1  1  1  1  0.828114  1  0.910706  0.923182  0.988141  0.922249  0.9391  0.901675  0.97766  0.922156  0.908327  0.913335  0.886667  0.888803  1.01263  0.982699  1  1  1  1  1  1  1  1  1  
bb.gem.m3.ugain = 1  1  1  1  1.0548  1.1756  1.07417  1  1.04314  1.08494  1.13093  1.08118  1.0107  1.03829  1.01468  0.975761  1  1.02589  1.15438  1.02884  1  1  1  1  1  1  1  1  1  1  
bb.gem.m4.vgain = 1  1  1  1  1  1  1  1  1  1  1  1  
bb.gem.m4.ugain = 1  1  1  1  1  1  1  1  1  1  
bb.gem.m5.vgain = 1  1  1  1  1  1.24158  1.26064  1.34189  1.30841  1.30734  1.44315  1  
bb.gem.m5.ugain = 1  1  1  0.827903  1  0.851842  1  1  0.931066  1.00691  
bb.gem.m6.vgain = 1  1  1  1  1  1.0098  0.98168  1.05928  1.00341  0.960909  0.954601  1  
bb.gem.m6.ugain = 1  0.905542  0.944361  1  1  1  0.992167  1.12396  1  1  
bb.gem.m7.vgain = 1  1  1  1  1  1  1  1  1.94991  1.53265  1.41628  1  
bb.gem.m7.ugain = 1.18694  1  1  1.04547  1  1  1  1  1  1  

# Module average gains relative to target ADC peak position of 4500
bb.gem.m0.modulegain = 1
bb.gem.m1.modulegain = 1
bb.gem.m2.modulegain = 1
bb.gem.m3.modulegain = 1
bb.gem.m4.modulegain = 1
bb.gem.m5.modulegain = 1
bb.gem.m6.modulegain = 1
bb.gem.m7.modulegain = 1

