
#Module internal relative gains by APV card: 
bb.gem.m0.vgain = 1  1  1  1  0.870472  0.762496  0.702593  0.840374  0.937322  1.04057  1.02402  0.904973  0.892331  0.946698  0.969025  1.01848  0.929525  1.0103  1.06006  1.07762  1.01227  1.08932  0.952645  1.03457  0.966768  0.867703  1  1  1  1  
bb.gem.m0.ugain = 1  1  0.879243  0.720312  0.816612  1.03557  0.930585  1.07087  0.949144  1.03461  0.8806  1.05629  1.0904  1.04961  1  1.06075  1.13413  1.09518  1.13925  1.15492  1.17126  1.23049  1.15176  1.02524  1.10744  1  1  1  1  1  
bb.gem.m1.vgain = 0.411849  0.586639  0.607826  0.744761  0.621658  0.654886  1  1  
bb.gem.m1.ugain = 1  1  0.940975  1.1314  1.06585  1.12545  1.11738  1.08512  1.07237  1  
bb.gem.m2.vgain = 0.860882  1.03412  0.94961  1.04318  0.886933  0.999973  0.871595  1  
bb.gem.m2.ugain = 0.919007  0.944636  0.936106  0.999291  1.02941  1  1.03262  0.962576  1.00733  0.95955  
bb.gem.m3.vgain = 0.429555  0.525555  0.555247  0.632557  0.659867  0.681543  0.625542  1  
bb.gem.m3.ugain = 1  0.978974  1.00569  0.865232  0.714401  0.711164  0.639085  1  1  1  
bb.gem.m4.vgain = 1  1  1  0.891358  0.876139  1.03244  0.8852  0.919927  0.959148  0.940283  0.958127  0.909658  0.927399  0.898236  0.956294  0.899117  0.911145  0.892941  0.924359  0.97201  0.942223  0.899641  0.955535  0.892987  0.975077  0.903276  0.930693  1  1  1  
bb.gem.m4.ugain = 1  1.33473  1.20632  0.972686  1.06261  0.987606  0.952223  0.999671  0.945856  1.02826  0.966784  0.875257  0.875385  1  1.00537  0.939199  0.977194  0.935336  1.00544  0.974726  0.938453  1.00742  0.988822  0.932564  0.965415  0.925686  1  1  1  1  
bb.gem.m5.vgain = 1  1  0.751958  0.892013  0.768891  0.738271  0.624843  0.620536  0.703716  0.851671  0.849847  0.869467  0.888971  0.979528  0.916756  0.978559  0.992777  0.867142  0.989349  0.982883  0.979708  0.959122  0.785162  0.908294  0.950493  0.894014  0.819997  0.888612  1  1  
bb.gem.m5.ugain = 1  1.14288  1.20097  0.641209  0.716802  0.832532  0.916962  0.929209  0.948757  0.95668  1  1.01309  0.956304  0.931909  0.977559  1.06974  0.929427  0.880692  1.04948  0.937171  0.899684  0.881404  1.02939  0.998038  1.03609  1.03224  1  1  1  1  
bb.gem.m6.vgain = 1  1  1.66695  1.72708  1.60472  1.65264  1.70629  1.74308  1.5353  1.65035  1.51737  1.53933  
bb.gem.m6.ugain = 1  1.09164  1.03896  1.11966  1.24666  1.15885  1.10143  1.05851  1.12257  1  
bb.gem.m7.vgain = 1  1.10611  1.19957  1.19694  1.1899  1.34937  1.2647  1.36487  1.33714  1.28977  1.33396  1  
bb.gem.m7.ugain = 0.866795  0.844756  0.860777  0.807547  0.837911  0.883051  1.03929  0.903949  1  1.00859  
bb.gem.m8.vgain = 1  0.987899  1.07577  1.01674  0.906533  0.979014  0.980808  1.02691  1.00609  0.958972  0.932925  0.583359  
bb.gem.m8.ugain = 1.09667  0.87331  0.835311  1  1.00673  1.01171  0.953287  1.11639  1.14254  1.20638  
bb.gem.m9.vgain = 1  1  1  1.49968  1.48699  1.52598  1.39743  1.43905  1.44347  1.48282  1.31919  1  
bb.gem.m9.ugain = 1  0.94098  1.0029  1.03324  1.04248  1.06455  1.10611  0.891163  1.08564  1  

# Module average gains relative to target ADC peak position of 4500
bb.gem.m0.modulegain = 0.73409
bb.gem.m1.modulegain = 1
bb.gem.m2.modulegain = 0.551182
bb.gem.m3.modulegain = 1
bb.gem.m4.modulegain = 0.857781
bb.gem.m5.modulegain = 1.21046
bb.gem.m6.modulegain = 1
bb.gem.m7.modulegain = 0.85708
bb.gem.m8.modulegain = 0.9185
bb.gem.m9.modulegain = 1

