--------[ 2021-09-18 00:00:00 -0500 ]
sbsBCMev.u1.offset = 0
sbsBCMev.u1.gain = 0.0003673
sbsBCMev.d1.offset = 0
sbsBCMev.d1.gain = 0.0003212
sbsBCMev.d3.offset = 0.2068
sbsBCMev.d3.gain = 0.0001076
sbsBCMev.d10.offset= 0.1775
sbsBCMev.d10.gain = 0.00003714
sbsBCMev.dnew.offset = 0.0127
sbsBCMev.dnew.gain = 0.0003486
sbsBCMev.unew.offset = -0.03138
sbsBCMev.unew.gain = 0.0003054
sbsBCMev.current_cut = 3.0 8.0 13.0 16.0 19.0

